----- 1 threads -----
616279
709361
804467
892641
985759
1077790
168747
261569
351952
451605
545048
639965
738504
829696
922562
1016743
109119
220214
313641
411923
519722
617358
713356
804077
897678
992348
1078445
173808
266881
356572
----- 2 threads -----
450224
536483
619076
701216
815998
925622
1038426
154167
332019
499616
578702
684949
872916
985798
1074934
159678
250457
424114
605907
779229
962540
1032911
207711
324931
408467
597195
710694
826278
928640
1019019
----- 4 threads -----
112796
255408
397885
521514
646284
791393
922315
1054417
173029
298214
406851
558220
721369
848605
982483
1107799
226482
340971
472675
591921
717570
841204
981805
1104059
221087
357328
438477
580567
691354
801918
----- 6 threads -----
922570
1028851
148313
292938
416673
580923
706984
860524
978546
1095993
215266
341464
460263
569284
706530
837327
958774
1069322
179054
334698
442927
558523
668542
782427
901324
1041297
194448
323955
440177
559986
