----- 1 threads -----
7208623
7350084
7498921
7626977
7756997
7897519
8040865
7189811
7310716
7439483
7589059
7721206
7876239
8019544
7235727
7365373
7491225
7617504
7742410
7893963
8035936
7182450
7323813
7545449
7748606
8123320
7598857
7960014
7311334
8032602
----- 2 threads -----
11673540
12162227
12255868
11854041
12264051
11520282
12875616
12388425
11753535
12228113
11791875
11246127
12197240
11695028
11824841
12236944
11945352
12531131
11389199
11912183
12549971
12005269
11425401
11899465
12257106
11460836
11656908
11875987
12356317
11898627
----- 4 threads -----
11209753
10517431
10971455
9994314
12408277
12898265
11392900
10891165
11344712
10711607
11339868
10721133
10806853
11217298
10846048
11549973
12831287
11240435
11156763
10590932
13116071
18183442
10574909
13124357
10556276
11130511
10722236
12854968
12531748
10794391
----- 6 threads -----
10543066
9882510
12922791
10573759
12860668
13844549
10990025
9229925
12706462
10318416
9788663
10352952
9935912
10788557
13389145
12872533
10615980
10570779
13526555
10310600
10340822
9701082
13223012
12745455
10263088
12946440
10617367
10462325
10072729
9777196
