----- 1 threads -----
337398.000000
539050.000000
743446.000000
943565.000000
1139741.000000
340971.000000
541729.000000
745630.000000
948102.000000
1145160.000000
348139.000000
545551.000000
748417.000000
957093.000000
1157437.000000
360991.000000
561768.000000
764364.000000
963437.000000
1160453.000000
383615.000000
580507.000000
784725.000000
993390.000000
1193631.000000
392659.000000
596138.000000
798738.000000
996129.000000
197080.000000
----- 2 threads -----
304563.000000
407888.000000
520481.000000
625400.000000
734421.000000
838923.000000
946657.000000
1055124.000000
167900.000000
274078.000000
384440.000000
496327.000000
605449.000000
712748.000000
821969.000000
929955.000000
1039715.000000
150106.000000
261815.000000
372828.000000
478963.000000
593446.000000
704234.000000
827082.000000
933239.000000
1037983.000000
148395.000000
258699.000000
375797.000000
486324.000000
----- 4 threads -----
547969.000000
607533.000000
669559.000000
729813.000000
794982.000000
859151.000000
922360.000000
984429.000000
1043702.000000
104683.000000
166322.000000
228009.000000
290794.000000
351068.000000
408778.000000
471543.000000
535134.000000
594877.000000
657178.000000
717829.000000
776109.000000
833584.000000
898452.000000
965760.000000
1032026.000000
93215.000000
157892.000000
218059.000000
281510.000000
346205.000000
----- 6 threads -----
393846.000000
441471.000000
487411.000000
536759.000000
581446.000000
626809.000000
671503.000000
713689.000000
760913.000000
805631.000000
854651.000000
899760.000000
945541.000000
992127.000000
1039016.000000
82261.000000
128155.000000
172796.000000
215441.000000
263206.000000
309571.000000
353532.000000
396935.000000
442567.000000
485325.000000
531891.000000
578096.000000
620830.000000
669028.000000
718265.000000
