----- 1 threads -----
27779417.000000
28459110.000000
28426254.000000
28324292.000000
28289374.000000
28197678.000000
28130857.000000
28047801.000000
27985480.000000
28101066.000000
27950263.000000
28850842.000000
31320380.000000
30964013.000000
32316732.000000
33046129.000000
33228651.000000
32423594.000000
33406962.000000
33846633.000000
33552842.000000
33402142.000000
33454473.000000
32809208.000000
33595273.000000
33503231.000000
33483065.000000
32823116.000000
33672001.000000
33398544.000000
----- 2 threads -----
17011356.000000
16531900.000000
17161862.000000
16863620.000000
16622226.000000
17041690.000000
16817576.000000
16338899.000000
16599671.000000
16243301.000000
15660152.000000
16732673.000000
16949149.000000
15805950.000000
16830317.000000
17260671.000000
16719300.000000
17144450.000000
16550543.000000
16655914.000000
17140342.000000
16256994.000000
16284239.000000
16777400.000000
17243503.000000
16682169.000000
16893574.000000
17149009.000000
16075268.000000
16390092.000000
----- 4 threads -----
8364044.000000
8554526.000000
8152552.000000
8507257.000000
8461284.000000
8474498.000000
8554746.000000
8677914.000000
8958420.000000
7996840.000000
7788637.000000
8734275.000000
8885289.000000
9091511.000000
8178721.000000
8180050.000000
8574641.000000
8529123.000000
8651950.000000
8725229.000000
9009175.000000
8251627.000000
8431675.000000
7928435.000000
8237937.000000
7324773.000000
7295744.000000
7278976.000000
7214367.000000
7212764.000000
----- 6 threads -----
5527208.000000
7086180.000000
5741291.000000
5609845.000000
5456714.000000
5244852.000000
5717865.000000
5574530.000000
5518910.000000
5490363.000000
5395681.000000
5384187.000000
5421252.000000
5229145.000000
5179677.000000
5443816.000000
5246497.000000
4970223.000000
4864802.000000
5700048.000000
5574842.000000
6420419.000000
6232858.000000
5173849.000000
5135599.000000
5075115.000000
4883830.000000
5726468.000000
5542514.000000
5487673.000000
