----- 1 threads -----
918762
1120379
314543
513113
714351
912574
1119807
319378
519734
729283
929831
1140029
343287
539983
743830
945221
1144448
346546
545717
745660
946392
1147294
348306
550875
752524
955201
1149488
354544
559109
755309
----- 2 threads -----
865576
971262
1078427
186415
291619
399225
511259
623092
730649
843815
950724
1053654
157204
261078
371611
476919
585613
690537
796574
900345
1001904
104489
211818
322262
435451
545446
652024
757023
863758
970977
----- 4 threads -----
1034155
94357
153390
218379
289168
355408
416044
478983
536591
595351
652461
720619
785321
844532
901451
963410
1020824
78453
141284
201466
260794
323627
387883
450998
514262
578515
639659
696927
756107
813911
----- 6 threads -----
857777
904312
948356
991510
1036067
85199
135168
181034
224685
267972
311461
356462
399887
444370
485390
528138
572066
615874
661395
706716
750402
793335
836926
879464
922733
965456
1007705
51218
92341
137288
