----- 1 threads -----
18156060
17835666
18509304
18157772
17805900
18461304
18101514
17748290
18390618
18081261
17743589
18390140
18029951
17708815
18366000
18041373
17703149
18356982
17999778
17671206
18325843
17991850
17653510
18307448
17957977
17601239
18252105
17914249
18572192
18224425
----- 2 threads -----
9062997
8886418
9706211
9542410
9351416
9193796
9037337
8860122
9686035
9509474
9323369
9145732
8964317
8799106
9617391
9449783
9274594
9092325
8913384
9730965
9555415
9379709
9208575
9041493
8864031
9699522
9519888
9353909
9179910
8988709
----- 4 threads -----
4471256
4932906
5421922
4885558
5421766
4887034
5365586
4853161
5323597
4776364
5239741
4730909
5201051
4684815
5198146
4660661
5218714
4775717
5260585
4762341
5206800
4707556
5189816
4691880
5126475
4689040
5168602
4677688
5148498
4622408
----- 6 threads -----
4143226
3627008
4243204
3675894
4077841
3626123
4258594
3816624
4423389
3939657
4472292
4110362
3625975
4244426
3807719
4413679
4039792
3636151
4230843
3899418
4473462
4057366
3694067
4278171
3893698
4525608
4142030
3636120
4234914
3749560
