----- 1 threads -----
218431
301267
381520
464304
546075
627687
704541
782350
866469
944239
1027184
107945
187738
266080
340626
415457
494457
578765
659895
735635
817104
906385
987274
1070670
149864
231599
312994
394256
478145
561977
----- 2 threads -----
615765
668710
724572
848676
964348
1017431
74921
193722
317663
371430
423746
477469
592768
716115
853923
902764
951097
1081821
144316
204244
333001
393065
440824
590230
718296
782754
838003
892743
945172
1071419
----- 4 threads -----
128255
203810
302478
365353
445532
523191
581115
650941
722399
789147
869267
954708
1034412
83245
159673
236538
315863
384578
457475
535173
616197
705194
784939
836622
889830
983808
1043709
128995
208028
291619
----- 6 threads -----
357686
444207
512114
574448
661671
731688
792180
867112
943737
1007540
85873
148844
213378
283710
352370
430876
501190
571086
656925
750200
838892
937856
1008295
80313
169639
234662
309143
378549
453186
520738
