----- 1 threads -----
7150023
6549398
6946311
7349529
6752487
7140330
6550514
6957275
6366142
6776885
7189583
6588556
7011370
6416723
6821077
7220129
6613152
7007336
6408856
6818516
7219031
6630512
7033275
6434242
6839805
7241791
6639483
7053833
6450556
6846717
----- 2 threads -----
9458990
9338262
9189243
9029500
8711502
10681251
10680996
10222716
9068601
10019737
9171958
9234925
10013437
9273318
10212886
10146546
9060565
10051851
8717886
9958295
8929269
10406349
9728277
10433300
9130196
9070928
9153702
9557899
9300367
10144212
----- 4 threads -----
4972240
4719560
8104399
5124970
4678132
5384451
5559597
5557171
5547311
5305866
5151577
5825828
5501639
6161872
5384782
4774572
7612192
5187535
5718325
7753560
5923421
5468344
5589467
5299751
4547934
5380423
4318789
5287531
5526633
5401021
----- 6 threads -----
7249060
5380818
5570402
5796550
5968266
4959026
6221366
5242704
5351594
5231923
5033507
7074122
7105203
5135317
5040457
7264658
5377480
5285665
5231339
5424337
5515353
7595503
6274013
5115088
4976787
7508640
7641877
5685599
10259364
6063601
